1767382
0353042
2005164
1937388
1222815
1650042
1758575
0863014
2061822
2321445
2396701
1392170
1430626
2095742
1881024
1704573
1440129
2058124
2274760
1482459
1374990
1564349
1650058
2322441
0489018
1664664
0441773
1287468
1827354
1852955
2039399
1937506
0371606
0397892
0047422
0094824
0025913
1592576
1718903
2382017
1986857
1795702
2016872
1703232
1832489
0108038
2273673
1702016
1830877
1614989
1844643
2025511
1046193
1649444
0045891
0048605
1681666
2008633
1582213
1884318
0140340
1718903
1754506
1592873
1816585
1647466
1446673
0366905
1954299
1482459
1820723
1605782
2086853
1691920
0858486
1702425
1999167
1830877
1839654
1767319
1934381
1613046
1833637
0768222
1853643
0383010
1826593
1027755
1748051
2121377
1486192
0046049
1349616
1951218
0462010
0411806
0031058
0032125
0029335
0028509
0030518
0097987
0226009
0118526
0036075
1067106
1876261
0108461
1598873
2175184
1582271
1651065
0087479
2151633
1870527
0875695
1942884
1091863
0466893
0092854
0494206
1327763
1554414
1592525
1374990
1870551
0154506
1732160
0254749
0046829
0120151
1866230
2119474
1460739
1764664
1727300
0455323
1111313
1605630
2072268
2124172
0245850
1606189
1948521
2023524
2122424
0211003
0291751
2151543
0086320
1119646
1375666
1386588
1320253
1564367
0499549
1411697
1473801
1464540
1570728
1596343
1285016
0472399
1190080
0458339
0947798
1219289
1136608
1270798
1245526
1632708
0473075
0988045
1228705
1433108
1519461
1282140
0963966
1298650
1375670
1226229
1250777
1499658
0780504
1568346
1399103
0477080
1403865
1142988
0435761
0926084
1383705
0964517
0409847
0944835
1049413
1013743
1231583
1478338
0429493
1424381
0448011
1217613
1240982
1302011
1092026
1436562
1325004
1210166
0446029
1133985
1637688
1598778
0800369
0913445
1323594
0398286
1104001
1488555
0978764
1591095
0993842
0433035
1622547
0955308
1318514
1384590
1504320
1001526
1401152
1650062
1041829
1411238
1155076
0758752
0480687
0945513
0822847
1135084
1306980
1334512
1542344
1284575
1232829
1103153
1385826
0914863
1512235
1037705
1458175
1642252
1667903
0990407
1231587
1201607
1454029
1730704
1192628
0433362
1486185
1243957
1130884
1578275
1091722
1253864
0417741
0881320
1657507
1189340
1220634
0985694
0936501
1197624
1498870
1712159
1683043
1046173
0427152
1079360
1259571
0889573
1448755
0947810
1279935
0111161
0147800
0479997
1041778
0815236
1156398
0816462
0472033
0892769
1055292
1022603
1075747
0840361
1216475
1027718
0905372
plbutton
logo
2028530
1756832
1600207
1629374
1767272
1603257
1572502
1640711
1757742
1567609
1985159
0961097
1886644
1707391
2224455
1876349
2040560
2196430
2116890
1872819
1221207
1747967
2246549
2004262
1535616
1645170
2175927
2244997
1205558
1990216
1919090
1714203
1588334
1591479
1183919
0473000
1931551
1606389
1783285
2386231
1656190
2125647
2039339
1672216
1641385
1787660
2062661
1702009
1598828
1667353
2130142
2106653
2318647
1942798
1407065
1719634
1700844
1988781
1529635
0808144
1928330
1181614
0438503
2132504
2342339
1440732
1034314
0082734
0227020
0193812
2099673
2214981
1910615
1570989
1602617
1506999
1646987
2091229
2327347
1990181
0906013
1483756
1680133
1536048
1214962
2149137
1571222
1701210
1706593
1430615
1655460
1935929
1954214
1409772
1711458
1682940
0763831
1601913
0477302
2140371
1524137
0401729
0354690
1517489
1041804
1220217
1535962
0436339
0892791
1537481
0314063
0800320
1071875
1397514
0401729
1093357
0983193
1305591
1686784
1496025
1502404
0938283
0892782
2112281
1509767
0373051
2005363
1080016
1596264
0111400
1401636
1599348
1295026
1975205
1525836
1694118
0117468
0485985
1596350
1418712
1816597
1869509
1808304
0266697
1839591
1693679
0044753
1512738
0401729
1515091
1429382
1735862
1524137
0073240
2112281
1776309
1093357
1715320
0995845
1071875
1229238
1809362
2056632
1586752
0983193
2043757
1601913
1496025
0183869
0387541
0252503
0471042
1734582
0091003
1240540
1214962
1509767
1734203
1941684
1728979
1456060
1291584
1586752
1596350
1599348
1071875
1397514
1071875
1496025
0485985
1496025
2043757
2112281
2112281
1093357
1093357
1596565
1558575
1715320
1735862
1816597
1418712
1975205
1229238
1515091
1686784
1808304
0471042
1748197
1876547
0983193
0983193
1456060
1600195
1865567
1509767
1509767
1517489
1706680
1181795
1999141
2061604
1734203
1291584
2005363
1721491
1233301
1478964
1535612
1401636
1733578
1640459
1414378
1525836
1596346
1305591
1502404
1502404
1525835
1680138
1260680
1307873
1575694
1792621
1625346
1636826
2268617
1885265

1204342
1635659
1033575
0810913
2136808
1514043
1231586
1716772
1651323
1568337
1456635
1700493
1393742
1723123
1870425
0376136
1615918
1366344
1692486
1435513
0448694
0448694
1655442
1402488
2024354
1727506
1645187
1835977
1634141
1869309
1268799
1268799
1742650
1644503
0770703
1344337
1772371
1532503
1699135
1634122
1570559
1438176
1438176
1605783
1540133
1612246
1637706
1615075
1661461
1411664
1992089
1396218
1657283
0803061
0472181
0472181
1684555
1067774
0844993
1912996
1478964
1222817
1633298
0491152
1013860
1220888
1909348
1747924
1179947
1411704
0500100
1612793
1535615
1635659
0795505
1568341
1438176
0200472
1870425
1381418
1302067
0413267
0298148
0126029
1402488
0377981
0400717
0844993
0385880
1320261
0844471
0120363
0114709
0464154
0110357
0472181
0448694
1268799
0046162
1723123
1296373
0422093
0203189
1885265
0080752

1512240
1747924
0114885
1512274
0212235
0106466
1344337
1644503
1570559
0243759
1869309
1393742
1516595
1912398
1435513
0064704
1262978
1697878
1815746
2268617
1634141
0250256
1612246
0775529
1661461
1716753
1326188
1655442
1699135
1822255
1068961
1536374
1666800
1600438
0200472
0970179
1193631
0110357
1730294
1734122
0422093
1656171
1553199
1839390
0053270
1446208
1512240
1298554
0114885
1319709
1709654
1350546
1782415
1372686
2004334
1602098
1680305
1622961
1648213
0078788
1677082
1802197
1608285
1687277
1748158
1233334
1404386
1684558
1401236
0084904
1624408
1723811
1437357
0409405
0141532
0116811
1531930
1810697
1787731
1781935
0372828
1838544
1391116
1616195
1231577
0775529
1422916
1847731
1509130
1650056
1668056
1602098
1861439
1422916
1648213
1838544
1596365
1787731
0970179
0970179
1677082
1723811
1764198
1683526
1758692
1655420
1966594
1439572
1802197
1959347
1865368
1007029
0116811
1450330
1204340
1616195
1059836
1507563
1810697
0084904
1319709
1553199
1730294
1559040
1372686
2112127
1410063
1719071
1521197
1242460
1391116
1656171
1661099
1324999
1531930
1675192
2078672
1530509
1665746
1636844
1325743
1462041
1563738
1646980
1298554
1437357
1124035
1498569
1714210
1743378
1723805
1650056
1549572
1107319
1703148
1630036
1226753
1568338
1785353
1596365
1594562
1971558
1560978
1959347
1680051
1059836
1507563
1867093
1789724
1255916
1521197
1242460
1661099
0873886
1687901
1675192
1667417
1462041
1646980
1645074
1634121
1226753
1633356
1633356
1756818
1772240
1674784
1562563
1622979
1622979
1369706
1297919
1738387
1434435
1265990
1535566
1697851
1789724
1341710
1746246
1622979
0327597
1633356
0085750
1314170
1179891
1468703
1756851
1562563
1645074
1687889
0289944
1667317
1566637
1867093
1562567
1595838
1319712
0366518
1634121
1600197
1016241
1645774
1687901
1728975
1560978
0042788
0188055
0107497
0095174
0157583
0497334
1159984
0349467
1864494
1800671
1650412
1621045
1684564
1073240
0835418
2297108
2271135
1327194
1727360
1809287
1499948
1195478
2290147
1678051
2081255
1259521
1815708
0251448
0271543
1699720
0790799
0402022
0259822
0499603
0443649
0899128
0265010
0492931
1385824
0450385
0179626
0450232
0974661
1681687
0322259
0858411
0062622
1282015
0478087
0988595
0289043
0463854
0389722
0416449
1652287
0078243
1282016
0381849
0243736
1782416
0914837
1407998
0343660
1629439
1558576
0216216
0417395
0462160
0298203
0109021
0475937
0199314
0094602
1610996
0096754
0384793
0109040
0844029
0112281
0101268
0268126
0092513
1265998
0465375
1224366
1194271
1300563
0109067
0109068
0115495
0057831
1014759
1014759
0078748
0996979
0103644
0118583
0090605
0775552
1854506
0042192
0278295
0490076
0074119
2137267
0181875
0119053
0433771
0369226
0426883
0818165
1660304
0952640
0207957
1231580
2048877
0211915
1440728
0169547
1307861
0120586
1213571
0163651
0252866
0436058
0974959
0808146
1407050
0144084
1475191
1318044
0328828
0384806
0280424
1190617
0802948
0429573
0082010
0118604
1174732
1150934
0122933
0357413
1391034
0225071
1269734
0808151
0305224
0963743
1313092
0417433
1910501
0075686
1071358
1051981
2028457
0870984
0218817
0168786
0120587
0146838
0313792
0472043
2205413
0800308
0090655
0455326
0429591
1523267
0120591
0106308
0327437
1646967
0160009
1233571
0443680
0375568
0480239
0410332
0295178
0118655
0145660
0031064
0338751
0370263
1542599
0796302
0429630
0395947
0088763
0096874
0099088
1212436
0974977
1465499
0112442
0172156
0280486
0307987
0092610
0308208
0116231
0219965
1173687
0288439
0200465
0303714
0337579
2197823
0020667
0131857
0264395
0083624
0096895
0118688
0372784
0112462
0103776
1569923
1672723
0092494
1866255
0069768
1758570
0266308
1887676
1286130
0377471
0163978
0118689
1152398
0112469
1170391
0268978
0101414
1410295
0101414
1922555
0388500
0416508
0230030
0960731
0486551
0094721
0292963
0159273
1510907
0120601
0437863
0286499
0467167
1781775
0065462
0402057
1100051
1014775
0086960
0092644
0109254
0374536
1183251
0069783
0094737
0142342
0486554
0092654
1228953
0319061
0189584
0118715
0208003
0488085
1144866
0490086
0090728
0326769
0790623
0101452
0096928
0032251
0249462
0112508
0115683
0099141
1212974
1164999
0454082
0387877
1190536
0265086
0078869
0265087
0120611
0187738
0083658
0359013
0445934
0109287
0109288
0124298
0071230
0163983
0337881
0878804
0450259
0106469
1844633
0309377
1845211
0383222
0896036
0092675
0221027
0109303
0181316
1120985
0080455
1131729
0758774
0103855
1002535
1540400
0145681
0357507
0900357
0118749
1169809
0144117
1300851
0118750
0443453
1869315
1680059
1680059
1781781
1421383
0115734
1038919
0362478
1078188
0914798
0464907
0090770
0101507
0906734
0889583
0103873
0112573
0088846
0401997
0088847
0086998
0349169
0144120
0901476
0398808
0243155
0388795
1172570
0106489
0078908
1210042
0319115
0932661
0765010
1239427
0844286
0355295
0315327
0281686
0825232
0470705
0466365
0120623
0115783
0245803
1308748
1126591
0887883
1334585
0445939
0429715
0064115
0489664
1106860
0961722
0115798
1042877
0896529
1525890
1618372
1055366
0127723
0075807
0424880
0078935
0379725
0238112
1946421
0342172
0381940
0106519
0317219
0402894
0460740
0381061
0112642
0795493
0162222
0021718
0312528
0454096
1584016
0327554
1295036
0337921
1196204
1145144
1020558
0020752
1487118
0824747
0402910
0460745
0082158
1371711
1276110
0367594
0423977
0068359
1438254
0118842
0360139
1636849
0092690
0089199
0082163
0086366
0084788
0078446
0087042
0080520
1248971
0299658
0120630
1172571
1290135
1745672
1146433
1352824
1024715
0097958
0367623
0363771
0499448
0980970
0980970
0296572
1623742
0450405
0033467
0970411
0317248
0940677
0896798
0424345
0109445
0389860
1059905
0075860
1060277
0094889
1035736
0345061
1692301
0159365
1127877
0233469
0844479
0844671
1079959
1307057
0094898
1487272
1037033
1401607
0082198
0087078
0106598
1207648
1093908
0361467
0310910
0112715
0068408
1043838
0118884
1001548
0077369
0097108
0112722
0250310
1185371
0121164
1572769
1078940
0475944
1675852
0200550
1183665
0115963
0479884
1121931
0455407
1263670
1196134
0974014
1686018
0083767
0092796
0112740
0090887
0094919
0101627
0101628
0090555
0092493
0231402
0077381
0090888
0115986
0353324
0139134
1170350
0099329
0123755
0285492
0377713
0085382
1650533
0463953
1930315
1336617
0109520
0116000
0382625
0462244
0317303
0094939
0060278
0339642
1226271
1360767
0112792
1472122
0287978
0838221
0279331
0118929
0469318
0083791
0985025
0468569
0416675
0433963
0382628
1502402
0282209
0466342
0077402
0363547
2014202
0970416
1290471
0099371
0106677
1386925
1565441
1079444
0118301
0097165
0094963
1278340
1267379
1765777
0896534
1997318
1334526
0775452
0989757
1152758
0795368
1321509
0104070
0472071
1028528
0452608
0400347
0490579
0104073
0118956
0077416
1592209
0453467
0361500
0814075
0106697
0407887
0398017
0118966
0165710
0367652
0205000
0458352
0118971
0395584
0066995
0848557
0246460
0095016
0099423
0112864
1260570
0092890
0407732
0327643
1592855
0758743
0365125
0978809
0486822
1490637
0097216
0398913
0910865
0116118
0453469
1645747
0364725
0072890
0280609
1023500
0120655
0996382
0421054
0246578
0419706
1586740
1370728
0055928
0057012
0059126
0103874
0112896
1127180
2261471
1290472
0944834
1098327
0259288
0116136
0825245
1546036
1331307
0817538
0132245
1227177
0303933
0460778
0080179
0242423
0774095
0134630
0033563
0190374
0406728
0266489
0388908
1308109
0083866
1034389
0393597
1471346
0097257
0879870
1124039
0897347
1346961
1794779
0109707
1020530
1226273
0389957
0099487
0397313
0493463
0357277
1340773
1575539
0363589
0319343
1078597
0127536
0414055
0327679
1436372
1023447
0092965
0461770
0104187
1323914
0089092
1016268
1650535
0326856
0799949
0238380
0449010
0195685
0082340
0067065
0961728
0338013
1707818
0089670
0356150
0413099
0120631
1193483
0780511
1531663
1640218
0829424
0083907
0092991
1587707
0070047
1091617
0089114
0469903
1225822
1244659
0486585
0097322
0119094
1290400
0119099
1084955
0218967
0356680
0120910
0120667
0486576
0432283
0116282
0387736
1013752
0232500
0463985
1335992
0083929
0101862
0113041
0120669
0446059
0426459
1104836
0072979
0104254
0091042
1721494
0048065
0097351
0119116
0137523
1082601
1499302
0364343
0195714
1144884
0414982
0385700
0173840
1185242
0266543
0308644
1135493
0119123
0106912
1083456
0961108
1129423
0083944
0116311
1343712
0486578
1232776
0101889
0021871
0101891
0418689
0080745
0099582
1461677
0089155
0780583
0377062
0408790
1777610
0432291
1286537
0356614
0082398
0104291
0800039
0356618
0109830
0430105
0113101
0488120
0106961
1152822
0329101
1410020
0910554
0113118
0293815
0758746
0116367
0120860
0120695
0120681
1179034
0893412
0057076
1063056
0431074
0978759
0106977
0093058
0119164
0369441
1201167
1054485
0471711
1054486
1054487
0080771
0177789
0018925
1446072
1034032
0447166
0272104
0217505
1558250
0119177
0119190
0038165
1194263
0116404
0425061
0099653
0165798
0259324
0995039
0087332
0821640
0228333
1295085
1176251
0210070
0353489
0265208
0830558
1682246
1343097
1216487
0335119
1132620
1103982
0172495
0104348
0097441
0385726
0139239
0380389
0068646
0071562
0099674
0080801
0120685
1219817
0113188
0385752
0113189
0058150
0452623
0187078
1565063
0944101
1213585
0452625
0484111
0433383
0107034
0119217
0401445
0060196
0099685
0113198
0089218
0020932
1220213
1205489
0456554
1703199
0435653
0478329
0077631
0084021
0427309
0057115
0119223
1185244
0095253
0326905
0120689
0385002
1234654
0041432
0063036
0087363
0099700
1684936
0421206
0099703
0409043
0170016
0338077
0119229
0107048
1300159
0391198
1053859
0113228
0107050
0406816
0372237
0473488
0942891
1028532
0113243
1279942
0427327
0120693
0468489
0077651
0373883
0120694
0082495
1311067
0085636
0113253
0220506
1480660
0448157
1114677
0212985
0367959
0949731
0116483
1045670
0424136
0120696
1405412
1949546
0481536
0366551
1289406
0295297
0330373
0373889
0304141
0241527
0433387
0251114
0422401
1730149
0419724
0171363
0492044
1045655
0124718
2152741
0760311
1001508
0499493
0338097
0325537
0107091
0408839
1220214
0071604
0113277
0110006
0411475
0095294
0167190
0411477
0093177
0337636
0354623
1716747
0847817
0400497
1212419
1403177
1153106
1323598
0317648
0382077
1692084
0116531
0113305
0465657
0165361
0454841
0800069
0907676
0757969
0399146
0386588
0091209
2359085
0465494
0077687
0107120
0311289
0457939
0164052
0469916
0329717
1981637
0120701
1014762
0099785
0104431
0119303
0329200
0322589
0104437
0443536
0102057
0903606
0091217
0450278
0302640
0102059
0107144
1094249
0395169
0091223
0093220
0251736
0315983
0104452
1341188
0278488
0060345
1241017
0762104
0091225
1049402
0347149
0286716
1325753
1467304
1252298
0116583
0986233
1323925
1172998
0887912
0480249
0830570
0762105
0356721
1220628
0119345
1032815
1155056
0902290
0041497
0791309
0469111
0319531
0343818
0268380
2100546
0438097
1411276
0396652
0347228
0387808
0138510
0280760
0465502
0443543
1054606
0421994
0160399
0780536
1051231
0107206
1226774
0460780
0984200
0317705
0116629
0367882
0097576
0087469
1020543
0865554
0076584
0361748
1071804
0494238
1645089
1640486
0278504
0128278
0332658
0963178
1216490
1319744
0110148
1194612
1972663
0378109
0865907
0077745
1058017
1057500
0445990
0091278
0095382
0103617
0113438
0338139
0371746
0399201
0255264
0099864
0110167
0482527
0038650
1230414
0076221
1079968
0141109
1116184
0366627
0866437
1326283
1210071
0418763
0211443
0155776
0073195
0020041
1131734
0079367
0116695
0300051
1315216
0486358
0070239
1415271
1822239
0245686
0279889
0455967
0113481
0359517
0113492
0489099
0119432
0061852
1242543
0107290
0163025
1149595
0425123
0305711
0189192
2027128
1251735
0138972
0257568
0091326
0097647
0020053
1296869
2014264
0435679
0205177
0113540
0842926
0378194
1340108
1998395
1119191
0443559
0349683
1866265
0360717
1038685
0320661
0373469
0271027
0264761
0211465
1606259
1524131
0791318
0079417
0373074
1980162
0240468
0093378
1231287
0091369
0349710
0452637
0335245
1228933
0410297
0816556
0139414
0974583
1499249
1754648
0095489
0110300
0113596
0116817
0345543
0167247
0301526
0378230
0424228
1139111
0418819
0457400
0112040
0084234
0089461
0462477
0455590
0462396
1522262
0768212
0104691
0084237
0311429
0104694
1216492
2149025
1015999
0089469
1744776
0111512
1219342
1219342
0386140
2106514
1038686
0339291
0110413
0119683
1139797
0093409
0097733
0122151
1462054
0892318
1146438
0412915
0455596
0097742
0418832
1202222
0123964
0362270
0118799
0102303
0308506
0469937
0318403
0120131
1212022
0065988
0361841
0404203
1614456
0145046
1764666
0110364
0074806
1641398
0430304
0097758
0185431
0091419
0070328
0432318
0337978
0113674
0093428
0120735
0085862
0398165
0810951
1922751
0082679
0100054
0120737
0120737
0167260
0167261
0399295
0480255
0093437
0119567
0391304
1540978
0314331
2032489
1560969
0811138
0899106
1213825
0484740
1125929
1284028
0409011
1672621
1316536
0380510
0091445
0079833
0363780
0434541
1470023
1307972
0361862
0079501
0082694
0089530
0351283
0479952
0866439
1142800
0110428
0054047
0175880
1107860
1413493
0104797
0328099
0113749
0033870
0795421
0399327
0756683
0120744
0331933
0125664
1155592
0243133
0071807
0079522
0832903
1083462
0422720
0127017
0116996
0110475
0365485
0416320
0133093
0234215
0242653
0091499
0183505
0288045
1864412
0104839
0765476
0097858
0212338
0209144
0209144
0397535
0104850
0100133
0119654
0120912
1234548
0379889
0085933
0790712
1688653
0236493
0430357
1509816
0077928
0119668
0104868
0120751
0405159
0119675
0181689
1046997
0110527
1366409
0790686
0089601
0100157
0212346
1151922
0183523
0117060
0120755
0317919
0095647
0244353
0104897
0119695
0340855
0093560
0369735
1470827
1686902
0071853
1182345
0079574
1198075
0265349
0203009
0356910
0453451
0780571
0280590
0485947
1086340
0419984
0107614
0209163
1673423
0259446
0081207
0102492
0489235
1188996
0067355
0096283
1742084
0872230
0132347
1237838
0327056
0102511
0489237
0374900
0810429
0221425
1873537
0810429
0271668
0465234
0110632
0100232
1560970
0093608
0107668
1023111
1334260
0110647
0241760
1095174
0102526
0046125
0402399
1215983
0808399
1097013
0195945
0097967
0477347
0091630
0107688
0107688
2062602
0478216
0087800
1179056
0875034
0810988
0087803
1182921
1186367
1880293
0142688
0477348
0048425
0055234
0477051
1729609
0053125
0395972
0081809
1358232
1302019
0795438
0332280
1073241
0787523
0472198
0865560
1266029
0107711
1352388
0481369
0171580
1198138
2167843
0240772
0496806
0349903
0086034
1783392
0945580
0151804
0976238
0302886
0364569
0380599
0064757
1260365
1087524
0301684
0064116
1235796
0230591
0073486
0265459
0055254
1053902
1002573
0368909
0870937
1107365
0114048
1268987
0124819
1148204
1179071
0467200
1049405
1790867
1032825
0230600
0253798
0043890
0120780
0462465
0892899
1023344
0086066
0425326
0785007
0093692
2218646
0488604
0395699
1336601
0446755
1188729
0258000
1433540
1536044
1778304
1425244
0320244
0449487
0335345
0446013
0964539
0187393
1114740
0438315
1188113
0089791
0107798
0929618
0274711
0473102
0971209
0120787
0457433
1663689
0107808
1208716
0119887
0046183
0117330
0107818
0107819
1340458
0183649
0138704
0253474
1022883
1460643
0910936
0069089
0084503
0057413
0383216
0838232
0075066
0168122
0449088
0325980
0383574
0134847
1059955
0019278
0762125
0063442
0133152
1077258
0091763
0484877
0237572
0102685
0107843
0105156
0266860
1016011
0190641
0420076
0257001
1961324
2077826
0087928
0089822
0091777
0093756
0095882
0098105
0110857
0084516
0091778
0876563
0084522
0086129
0089826
0409182
0368563
0486640
0119925
1032819
0093773
0100403
1716759
0482571
0390384
0477072
0780521
1196339
1131748
0081375
1134629
0119951
0926129
0803057
0228750
0114194
0183678
0118643
0365658
1235166
0236640
0054215
1152836
0466771
0110912
0158131
0038006
0454921
0465580
0030637
0830515
1082868
0436697
0238546
0117420
2073154
0114214
0414951
1075417
1084950
0091817
0316465
0893570
0082971
0095953
0361696
0350028
0462499
0095956
0089880
0493949
0976051
0089886
0444682
0047396
1205535
1245112
0289415
0382937
0292506
0365675
1326972
0087985
0289765
0421239
1693872
1012804
1733679
1460743
0253556
0490204
0456630
0184858
0120008
1053424
0963194
0180093
0831884
0105236
1334102
0432021
0787505
1559549
1787791
0433442
1230164
0411805
0072081
0102782
1413496
0088000
0093857
0078163
0365686
0110989
0756707
0458367
0298130
0267891
0901507
1161864
0898367
0257044
0107977
0102798
0093870
0100502
0107978
0358082
1031969
0102803
1032755
0075148
0479143
0079817
0084602
0089927
0100507
0430922
0088011
0063518
0165929
0122690
0265662
0128442
0265666
1612774
0113326
0425413
1136684
0313542
0327850
0093894
0404390
0120812
0266915
0293564
0128445
1231277
0258153
0318649
0106417
1230204
0108037
0111070
0304669
0452681
0937373
0460925
0379976
0206275
0486656
0332375
0195234
0120815
0239948
0387564
1477076
1477076
1233227
0098259
1725156
0175142
0257106
0306047
0362120
0105323
0108052
0462519
2162709
0267913
1599351
0457513
0227445
0277296
1104123
0117571
0120082
0134084
1262416
1548628
1214983
0114369
1027743
1796642
1674741
2234511
0485601
0396707
0084649
0363988
1568921
1559359
0484562
0839980
1424432
0443632
0479537
0379786
0034167
0814314
0047478
0203119
0117608
0323939
0448114
0189998
0393735
0358135
0256380
0184894
0286112
0820142
0307453
1181849
0977680
0365748
0160862
0081505
1075419
0465602
0822854
0091949
0096101
1100119
0058586
0284490
1247692
0880648
0386032
0685628
0286106
0102926
0384537
1287855
0313608
0401792
1841835
1074214
1297945
0405325
1564585
0240900
1135525
1641633
1855347
0117665
1588398
0108160
0162661
0117666
0439815
0122718
0858479
0780608
1319743
1754513
0417148
0208092
0108171
0408196
0453548
0281373
0029583
0055458
0119227
0120157
0821642
0970452
0094006
1760998
1504489
1103255
1421051
0081534
0279781
1308667
1305871
1164647
0290296
0094012
0120177
0378793
0410650
0111257
0120179
0811080
0334405
0145487
0316654
0413300
0416236
0090056
1340425
0245429
1792131
1186370
0283003
1273678
0484831
0076752
0367089
0075261
1464580
1185266
0092005
0796366
1185834
0120915
0121765
0121766
0076759
0080684
0086190
0929629
0120201
0367093
0844760
1579247
0473705
0371257
1422758
0838283
0462590
1023481
0173752
0814335
2132457
1844044
0430634
1027747
1116186
0070735
0775539
1037156
0173256
1743375
0457495
0489282
0124102
0420223
0482606
2211007
0891592
0421073
1447972
1203523
0083131
0164912
0243585
0472602
0758786
0338466
0114576
0186589
1584733
0906665
0164184
0234829
0043014
0448134
0862846
0103007
2070831
0108255
0390521
0247745
0829482
0078346
0348150
1398941
0134983
0986263
0111323
0408236
0256415
1722476
1027862
0117802
1502420
0365737
0810922
0446046
1111422
0098439
0275719
0083169
0025862
0032007
0035419
0316732
0075314
0854678
0410730
0040863
1845866
0103060
0780622
0411951
1278469
0164292
0811106
0494864
0088247
0103064
0181852
0438488
2215581
0080009
0286214
1235448
0129387
0096256
1112782
0084787
0245674
0328538
0146309
0139809
0493459
0480025
1386492
0088258
1474918
0092086
0882978
0057580
0056580
0056579
2063834
0188235
1611180
0059800
0170691
0080025
0081633
0268695
0117913
0452694
1179794
0117918
0120338
2027255
0433696
0808508
0250052
0080031
0108358
0114694
0120347
1742683
0808510
0092099
0114702
0100802
0471041
0090190
0084814
0425601
1015474
0117951
0418279
0092106
1055369
1376460
0293662
0388482
1129442
1786742
0133240
0478304
0100814
1264115
1187064
0862856
0092112
1703049
1740707
0084827
0111503
1465522
1666184
0290095
1407084
0114746
1099212
0086491
0117998
0269341
0417217
1103275
2288129
1671493
0491703
0370032
1349486
0096332
0098554
0105690
0320691
0401855
0834001
1156466
0250797
0105695
0815245
1039647
1777034
0105699
0342258
0453533
0880578
1193138
0114814
0434409
0452702
1204979
0085995
0817230
0361089
0985699
0120877
1666186
0283111
1452628
0443274
0120434
1356548
0453414
0428251
1068678
0052357
0124198
0924165
1859441
0055593
0090264
0035519
0437954
0069464
1219836
0120461
0456020
1566648
0473308
0960097
1483544
0423505
1296899
0166396
0841046
0114887
0281358
1969166
0351977
0094291
0910970
1104006
0493464
0499556
0407304
0086567
1268204
0204626
0409459
1067583
0120484
1715223
0114898
1023114
1287845
0105793
0108525
0277434
0108526
0343168
0396269
0372532
0098627
0108539
0090305
0120490
1183923
1033643
0486674
0161081
0399877
0161083
1178663
2095004
0373450
1172233
0381707
0070915
0375210
0496436
0969653
0096438
0287138
0190138
0327247
0470000
0070917
0450345
0405469
0120512
1396227
1024255
0486946
0120890
0365270
0448179
1680317
0067992
0486051
0460989
0033268
0042047
1399683
0098663
1369845
0416315
0780653
0206420
1216520
1186373
0380066
0143145
1125849
0477139
1431191
0804555
1261978
0120901
1956700
0120902
0443701
0120903
0458525
0376994
0290334
0295701
1045778
2137646
1068680
0960144
0365957
0062512
0128853
0072431
0096487
0100994
0352117
0962736
1007028
0406375
0086636
1166827
1332128
1781069
1297858
0960890
0897444
1191971
0196229
1032763
1680114
0297403
0309369
0234889
0340732
2040608
2098627
2345864
0178988
1754277
1718158
1540005
0103336
2234370
2300783
1470846
1247667
0810856
0848228
1558256
1414581
0039923
0042928
0048649
0040760
0041760
0038671
0041380
0049969
0037450
0035528
0033600
0034682
0034685
2085930
1988544
0848228
1579948
0104438
0108320
2114490
1430626
1500491
1598822
0191754
0331189
0462200
0258463
0372183
0440963
0103978
0080549
0101669
0041349
0770752
0080756
0089200
0335121
0119282
0469099
1753968
0478311
1691453
0449059
0052139
0100114
0113967
0080319
0081383
0089885
0107969
0073629
0088128
0120184
0117894
0259711
0804552
0096446
1602472
0080436
0080707
0081485
1641388
2072276
0426955
1323044
0297144
1695409
1744760
1735898
0481009
1857724
1740725
1971352
1569931
1848824
2061712
1667307
1577052
1534085
0082894
1710417
1975249
0082924
2234450
1707392
1516002
1817676
1586265
1488594
1077368
1754438
1838722
0364970
1653661
0104389
0425112
0311113
0081398
1697075
1907779
2317263
1666187
1595833
1409024
2317744
1753521
1900854
2224075
0265029
0115639
0346631
0306685
0455760
0089489
0266465
0805570
0952682
1915581
1368860
1446714
2022520
1709122
2105044
1796607
1680311
1899353
2027157
2027157
1718755
1409024
1456661
2042447
0120660
0780516
0844708
0814255
0450314
0839995
0094074
1811371
1232829
0759475
1105711
1515976
1454730
1845307
0285331
1797554
2197994
2276006
0496424
0389564
0271894
0123338
1773120
0465315
1225901
1769411
1305826
0086661
0465316
0084969
1037186
1996507
1468760
1728102
2372553
2006939
1752076
1183865
2180627
0331581
0285335
1932308
2354651
0098740
0759364
0363307
2219714
0364779
2069135
0397306
2153906
2083423
2257620
1844624
0319931
1587934
1596786
1756927
2140759
2239097
1702042
1643266
1734568
1986770
2246569
0475900
0364782
0297494
1486217
1974470
1826989
0859592
1995552
0498878
1742340
1772447
1000022
0417299
1626038
1839683
1663676
1197649
2177489
0313038
1583428
0348894
0914829
1594333
1708951
0185906
1481440
1863526
2254098
1637756
0103359
1213218
0407362
2070034
1554330
0105950
1349938
1595680
2235190
1836349
1622696
0959601
1839417
2182427
2299640
0891369
1845887
1829853
1484823
2083731
1967652
1661102
2392683
1707374
1872268
2401117
0898266
0251497
0257295
1056536
1515193
1836351
2023893
2114586
1131746
0429318
0818297
2303123
2256991
0084987
1395384
1127876
1138645
0262150
1608383
1239472
1441105
2326983
1988235
2074248
0808013
1595859
1344204
0979432
1561755
1587669
1955311
0460627
0373732
1554369
1569544
1582457
1833285
2239742
1787217
2282445
1861510
0903747
1630574
2290981
1590961
2279571
1049244
1034201
2378096
2378719
0758737
0078579
1056754
1772157
1405819
2006848
2176257
0810788
2297810
2361891
2140815
1444382
1794050
0904208
1558182
2099854
1672189
2180809
0799862
1845365
0319969
0098765
1219024
0096555
2292187
1329590
0154061
1320080
1318007
1114705
1591468
2127521
0158552
2248736
2357410
1002838
2342573
0287839
1325113
2058221
2191952
1353281
0934814
1854668
1195935
2039535
2022170
0458253
0458254
0368479
2132641
2243977
1749004
2176287
0497480
2174367
1771072
1439629
1637574
1684397
2054938
1954347
0306306
2006374
0096563
1441109
2338633
2338096
2245519
1495708
0452046
1703874
0247082
0313043
0395843
1517749
0264235
0115147
1723760
0491758
0914387
0463398
0081848
0924555
2014554
0063889
2093462
2201416
2012511
0446809
1281313
0800284
0348914
0877057
1835129
0288937
1299729
2141186
1713691
1509646
0315708
0410975
0941372
2390003
0773262
0115157
2070959
1020913
0965985
0101081
2303367
1693653
0458259
0141904
0436992
0056751
0453422
1494933
0424627
0423642
2403529
1135300
0818350
1819509
2069270
2321809
1606375
1170858
2325846
0363328
0386180
2354747
1280822
1688779
1589889
2229907
2297363
1999525
1728860
0866442
0480489
0379623
1761449
0387199
1582350
1837855
0796264
1582459
1830888
0445114
1976120
1836419
0388595
1713288
0309152
1663641
1690621
1772379
1586676
1462059
0182576
0800331
1255258
0187636
1883661
2346169
1714425
0278191
1357674
1841108
0337761
1962642
2154090
1943524
1948830
2326517
0303461
1949012
0423652
2053193
1441135
0279077
2090864
1078394
1781092
1911883
0283185
2113937
1828919
1600199
0098800
0758745
0108778
1119644
0133302
2166861
1525018
1885777
0149460
2271015
1885780
0772137
0944947
0108783
1599357
2141011
1727387
0498617
0995832
1960255
0398474
1319900
0426697
1122725
1820742
1898575
2381197
1723816
1818761
1484626
1552112
2387249
1327801
1816993
1684734
2300923
1800864
0088526
1415889
1442462
0457225
0397442
0924651
1677691
1706532
1865718
2119259
1942995
1711420
0081871
0976014
1724587
0413573
1830617
1138475
1830622
1587678
0446622
2188814
1458809
1674417
1582453
1832979
0294097
1985443
1873887
2210264
0098820
1519931
1600194
1094229
1545826
1699748
0437005
0138967
2288050
0813715
0805824
2049626
1849369
2232345
0131169
1497563
0058812
0849988
0184122
2014681
2262456
2219920
1796960
0318224
1583607
2242025
0412142
1797404
0773264
0460649
2348673
0835010
1832668
1839497
2244001
0876298
1806234
2187781
0379632
1819545
2008890
0972534
1910969
1068912
2100976
0935095
0896228
0835434
1958752
1220617
1695989
1820966
1865740
2373465
2012383
1989062
1213842
0169455
1245423
1430509
0450920
1494925
0441718
1739276
0487831
0472954
1880581
1743904
2403651
1875471
0072519
2144735
0290966
0805663
1659905
1563069
1583417
1586081
2163706
0320037
0423675
1536736
1105712
0068088
0457245
1817000
1489428
0086742
2176575
1086761
2328067
1567215
1981558
1821877
1637727
1804880
0165581
0118375
2201759
0460654
0983514
0810644
0168367
1491299
1821879
1545214
0756509
1794147
1848152
1695583
0305056
1828327
0437729
1231460
0106053
0203259
1166893
1657081
2131368
1480684
1695360
1874006
1159996
1676701
1933836
1103987
0874608
1235099
0950701
1944942
1442109
2303687
1533010
1181541
0923293
1176751
2120992
1841204
1020109
0446847
0096639
2039891
2010806
1836037
1726839
0411008
1429449
1492966
2224452
1718437
2176645
1945796
2297703
1512807
1578887
1474684
1798274
1718438
0804503
1933854
1832045
1830351
1936532
1332030
0212671
2118293
1342711
2385649
0092400
1535715
1433870
1694423
0448190
0135733
0421396
2358065
1597420
2301763
0108855
1942919
1196946
1199099
0839188
1442464
2186373
0118401
1608180
0815063
1879599
2274711
1024167
1548850
1988386
1828246
1827163
2303803
1877712
2179823
1377253
1442437
0199248
0092454
0060010
1875600
0063929
1877005
0476922
2202488
0096657
2128016
1583638
1819022
2201817
1592770
1626459
0460091
2010483
0094516
1809014
1960644
2147632
0383126
1743880
0409591
0057775
1882427
0146386
0318912
0083452
0364845
1378167
1657505
1880670
1720619
0118266
1826940
0362357
1870479
0461727
2340412
1592154
1591493
1663967
2204345
0098878
0862614
2183535
0206501
0449461
0112104
1783495
1190689
1840051
2265572
1825122
0362359
1870946
2217770
1879713
0386676
1530541
2328894
2192539
2403267
1843230
2189346
2063417
0368530
0081912
1832727
2385727
1495163
2119183
1697793
1593756
0118421
0374463
1132600
1826805
0199257
1956017
0785036
1874066
1416765
1266020
1073507
2332367
1492088
0387764
0892700
0346369
1811179
1714204
1595856
1839578
0852863
2214722
1415098
1748166
1584454
1538145
2287229
1998816
0071033
2239947
1780441
0430484
1688379
2239949
1578873
0808096
0455275
1043714
2188249
0972412
2115160
0437741
2076610
2239804
0491738
0361227
2323135
1912136
0380136
2164557
2157887
1615919
2286947
1145872
2209381
1252370
1720601
1411598
1191056
0497079
2330453
0791615
0350448
2396087
1710308
1297754
2302085
1771742
1632329
1570987
0090509
1588221
1837642
1553644
1820166
1819654
1836195
1476750
1551632
1840429
1344970
2270701
0437745
2084611
2105821
1442065
0075572
0986110
1319735
0790772
1564698
0278238
0965394
1949918
0072562
1954804
1837576
0339968
1821156
1588120
1843678
0285403
0278877
0462133
1837654
1000734
1179817
1235101
0910472
2262912
0098904
0115351
2163012
0159206
1997999
0377260
1586680
2192609
1442550
2274582
2155043
0983983
1475582
0286486
2128103
1717455
0096697
1979918
1650552
1850197
1721666
0248654
0840196
0387779
0279600
1825133
1957595
2083701
0472023
1124373
1786203
0141842
1214085
2400129
0421460
0121955
2172068
1299368
1758429
1442449
0112175
0206512
0160904
0457146
1708367
0060028
0069637
0092455
0112178
0458290
0118480
1286039
0374455
2223794
0130421
1864017
1971534
1883671
1785123
2128211
0907833
2057856
1705089
0219458
1492179
1741256
1181917
1632701
2215034
1832153
2255259
1031283
0460681
0239195
1747551
0408427
1968772
1967315
1758772
2299141
2128212
0330958
2341465
2089467
0403813
1566154
1821220
1567432
1641349
2113487
1967336
0165598
0459159
0086815
1513168
1666278
1869152
2336103
0421463
1558128
1364951
0103569
0054572
0765425
1784288
1427816
1628033
1657260
2070523
1569972
0485301
0896781
1430587
1821681
1400265
0086817
1659175
1279972
2396275
1812523
0844441
1697033
0324924
2065460
2274282
0758790
1861225
0369179
0278251
1319598
2278605
1621748
0445912
1592483
1722512
2230805
2177313
1442553
2325393
0416435
1842530
0460690
1001482
2167569
1051155
0477545
2122954
1843323
1307824
1405406
1734192
1759761
0417373
1693592
1497609
0185129
2334429
1971245
1839337
2231016
1520211
1178618
0907702
1132290
0086570
2261103
1930123
2110365
0439100
1660286
0200276
1195419
2007042
1794677
1358522
1978355
1711422
1186356
0840979
1850458
1365047
1864016
2111979
0757127
1621755
0106175
1703925
2049577
1156535
0306414
0274298
0799922
0094582
1854226
1610527
0363391
2078521
2223758
1570957
1055238
0185103
0227972
1582461
0450950
0423776
0103584
2070571
0361258
0425725
2374617
1910674
0204113
1641384
2378020
1618371
1478804
1857797
1438173
1714127
1918806
2341985
1647477
2258731
1481576
1649780
1684925
1718714
1836926
2313197
1920849
1737747
1772422
0085811
1608182
0765487
2057544
2281583
1866609
2186101
2087571
1989593
1658837
0805564
0462504
